   44979.           13876.0
   44989.           13902.0
   44999.           13828.0
   45009.           13831.0
   45019.           13682.0
   45029.           13607.0
   45039.           13562.0
   45049.           13521.0
   45059.           13531.0
   45069.           13526.0
   45079.           13432.0
   45089.           13446.0
   45099.           13393.0
   45109.           13380.0
   45119.           13371.0
   45129.           13415.0
   45139.           13460.0
   45149.           13544.0
   45159.           13620.0
   45169.           13645.0
   45179.           13687.0
   45189.           13773.0
   45199.           13823.0
   45209.           13968.0
   45219.           13993.0
   45229.           14121.0
   45239.           14166.0
   45249.           14249.0
   45259.           14273.0
   45269.           14340.0
   45279.           14435.0
   45289.           14455.0
   45299.           14504.0
   45309.           14452.0
   45319.           14485.0
   45329.           14418.0
   45339.           14349.0
   45349.           14196.0
   45359.           14170.0
   45369.           14108.0
   45379.           13912.0
   45389.           13873.0
   45399.           13891.0
   45409.           13820.0
   45419.           13735.0
   45429.           13656.0
   45439.           13555.0
   45449.           13520.0
   45459.           13544.0
   45469.           13553.0
   45479.           13560.0
   45489.           13499.0
   45499.           13447.0
   45509.           13445.0
   45519.           13372.0
   45529.           13356.0
   45539.           13388.0
   45549.           13367.0
   45559.           13368.0
   45569.           13364.0
   45579.           13352.0
   45589.           13325.0
   45599.           13333.0
   45609.           13319.0
   45619.           13334.0
   45629.           13337.0
   45639.           13299.0
   45649.           13287.0
   45659.           13239.0
   45669.           13244.0
   45679.           13145.0
   45689.           13162.0
   45699.           13114.0
   45709.           12992.0
   45719.           12958.0
   45729.           12828.0
   45739.           12749.0
   45749.           12610.0
   45759.           12535.0
   45769.           12493.0
   45779.           12423.0
   45789.           12366.0
   45799.           12288.0
   45809.           12256.0
   45819.           12201.0
   45829.           12156.0
   45839.           12106.0
   45849.           12088.0
   45859.           12053.0
   45869.           12063.0
   45879.           12076.0
   45889.           12086.0
   45899.           12078.0
   45909.           12079.0
   45919.           12063.0
   45929.           12025.0
   45939.           12018.0
   45949.           12016.0
   45959.           12017.0
   45969.           12031.0
   45979.            9749.0
   45989.            9826.0
   45999.            9886.0
   46009.            9930.0
   46019.            9960.0
   46029.           10051.0
   46039.           10085.0
   46049.           10123.0
   46059.           10183.0
   46069.           10245.0
   46079.           10345.0
   46089.           10451.0
   46099.           10504.0
   46109.           10578.0
   46119.           10676.0
   46129.           10792.0
   46139.           10892.0
   46149.           10999.0
   46159.           11119.0
   46169.           11179.0
   46179.           11309.0
   46189.           11446.0
   46199.           11570.0
   46209.           11708.0
   46219.           11801.0
   46229.           11919.0
   46239.           12052.0
   46249.           12190.0
   46259.           12313.0
   46269.           12446.0
   46279.           12571.0
   46289.           12690.0
   46299.           12803.0
   46309.           12900.0
   46319.           13004.0
   46329.           13132.0
   46339.           13277.0
   46349.           13336.0
   46359.           13426.0
   46369.           13522.0
   46379.           13602.0
   46389.           13661.0
   46399.           13721.0
   46409.           13770.0
   46419.           13825.0
   46429.           13867.0
   46439.           13885.0
   46449.           13894.0
   46459.           13918.0
   46469.           13933.0
   46479.           13914.0
   46489.           13892.0
   46499.           13900.0
   46509.           13906.0
   46519.           13905.0
   46529.           13909.0
   46539.           13882.0
   46549.           13865.0
   46559.           13863.0
   46569.           13838.0
   46579.           13831.0
   46589.           13848.0
   46599.           13848.0
   46609.           13887.0
   46619.           13923.0
   46629.           13964.0
   46639.           14003.0
   46649.           14048.0
   46659.           14130.0
   46669.           14207.0
   46679.           14261.0
   46689.           14320.0
   46699.           14392.0
   46709.           14448.0
   46719.           14515.0
   46729.           14579.0
   46739.           14644.0
   46749.           14687.0
   46759.           14743.0
   46769.           14771.0
   46779.           14798.0
   46789.           14819.0
   46799.           14850.0
   46809.           14801.0
   46819.           14812.0
   46829.           14844.0
   46839.           14853.0
   46849.           14857.0
   46859.           14868.0
   46869.           14906.0
   46879.           14938.0
   46889.           14975.0
   46899.           15005.0
   46909.           15039.0
   46919.           15091.0
   46929.           15142.0
   46939.           15216.0
   46949.           15272.0
   46959.           15346.0
   46969.           15402.0
   46979.           15484.0
   46989.           15553.0
   46999.           15628.0
   47009.           15705.0
   47019.           15767.0
   47029.           15819.0
   47039.           15876.0
   47049.           15910.0
   47059.           15967.0
   47069.           15987.0
   47079.           16011.0
   47089.           16014.0
   47099.           16004.0
   47109.           16005.0
   47119.           15973.0
   47129.           15942.0
   47139.           15906.0
   47149.           15858.0
   47159.           15804.0
   47169.           15780.0
   47179.           15713.0
   47189.           15673.0
   47199.           15613.0
   47209.           15562.0
   47219.           15504.0
   47229.           15462.0
   47239.           15431.0
   47249.           15382.0
   47259.           15343.0
   47269.           15320.0
   47279.           15297.0
   47289.           15310.0
   47299.           15324.0
   47309.           15342.0
   47319.           15363.0
   47329.           15408.0
   47339.           15439.0
   47349.           15483.0
   47359.           15572.0
   47369.           15678.0
   47379.           15766.0
   47389.           15873.0
   47399.           15979.0
   47409.           16085.0
   47419.           16203.0
   47429.           16326.0
   47439.           16437.0
   47449.           16535.0
   47459.           16643.0
   47469.           16743.0
   47479.           16825.0
   47489.           16895.0
   47499.           16945.0
   47509.           16973.0
   47519.           17011.0
   47529.           17034.0
   47539.           17047.0
   47549.           17065.0
   47559.           17069.0
   47569.           17047.0
   47579.           17025.0
   47589.           17031.0
   47599.           17033.0
   47609.           17042.0
   47619.           17049.0
   47629.           17067.0
   47639.           17050.0
   47649.           17047.0
   47659.           17077.0
   47669.           17108.0
   47679.           17143.0
   47689.           17202.0
   47699.           17255.0
   47709.           17326.0
   47719.           17401.0
   47729.           17463.0
   47739.           17515.0
   47749.           17606.0
   47759.           17698.0
   47769.           17803.0
   47779.           17902.0
   47789.           17990.0
   47799.           18071.0
   47809.           18181.0
   47819.           18270.0
   47829.           18346.0
   47839.           18425.0
   47849.           18528.0
   47859.           18600.0
   47869.           18694.0
   47879.           18795.0
   47889.           18868.0
   47899.           18936.0
   47909.           19020.0
   47919.           19111.0
   47929.           19183.0
   47939.           19230.0
   47949.           19294.0
   47959.           19361.0
   47969.           19436.0
   47979.           19497.0
   47989.           19548.0
   47999.           19620.0
   48009.           19667.0
   48019.           19697.0
   48029.           19724.0
   48039.           19735.0
   48049.           19746.0
   48059.           19756.0
   48069.           19737.0
   48079.           19722.0
   48089.           19692.0
   48099.           19656.0
   48109.           19613.0
   48119.           19570.0
   48129.           19525.0
   48139.           19490.0
   48149.           19450.0
   48159.           19428.0
   48169.           19412.0
   48179.           19413.0
   48189.           19416.0
   48199.           19399.0
   48209.           19385.0
   48219.           19362.0
   48229.           19364.0
   48239.           19355.0
   48249.           19359.0
   48259.           19355.0
   48269.           19356.0
   48279.           19358.0
   48289.           19353.0
   48299.           19374.0
   48309.           19390.0
   48319.           19413.0
   48329.           19417.0
   48339.           19429.0
   48349.           19432.0
   48359.           19431.0
   48369.           19428.0
   48379.           19441.0
   48389.           19458.0
   48399.           19460.0
   48409.           19457.0
   48419.           19470.0
   48429.           19488.0
   48439.           19502.0
   48449.           19536.0
   48459.           19566.0
   48469.           19579.0
   48479.           19623.0
   48489.           19644.0
   48499.           19680.0
   48509.           19710.0
   48519.           19751.0
   48529.           19792.0
   48539.           19828.0
   48549.           19868.0
   48559.           19885.0
   48569.           19948.0
   48579.           20002.0
   48589.           20033.0
   48599.           20087.0
   48609.           20149.0
   48619.           20213.0
   48629.           20286.0
   48639.           20350.0
   48649.           20433.0
   48659.           20506.0
   48669.           20589.0
   48679.           20682.0
   48689.           20785.0
   48699.           20869.0
   48709.           20923.0
   48719.           21018.0
   48729.           21084.0
   48739.           21161.0
   48749.           21207.0
   48759.           21183.0
   48769.           21160.0
   48779.           21138.0
   48789.           21146.0
   48799.           21215.0
   48809.           21250.0
   48819.           21295.0
   48829.           21330.0
   48839.           21325.0
   48849.           21289.0
   48859.           21263.0
   48869.           21245.0
   48879.           21226.0
   48889.           21206.0
   48899.           21185.0
   48909.           21174.0
   48919.           21161.0
   48929.           21148.0
   48939.           21144.0
   48949.           21149.0
   48959.           21153.0
   48969.           21157.0
   48979.           21170.0
   48989.           21183.0
   48999.           21206.0
   49009.           21247.0
   49019.           21279.0
   49029.           21321.0
   49039.           21363.0
   49049.           21406.0
   49059.           21436.0
   49069.           21462.0
   49079.           21488.0
   49089.           21518.0
   49099.           21545.0
   49109.           21574.0
   49119.           21591.0
   49129.           21595.0
   49139.           21602.0
   49149.           21590.0
   49159.           21573.0
   49169.           21577.0
   49179.           21559.0
   49189.           21551.0
   49199.           21547.0
   49209.           21540.0
   49219.           21531.0
   49229.           21519.0
   49239.           21520.0
   49249.           21521.0
   49259.           21520.0
   49269.           21536.0
   49279.           21559.0
   49289.           21578.0
   49299.           21607.0
   49309.           21655.0
   49319.           21673.0
   49329.           21706.0
   49339.           21736.0
   49349.           21771.0
   49359.           21784.0
   49369.           21791.0
   49379.           21793.0
   49389.           21794.0
   49399.           21784.0
   49409.           21775.0
   49419.           21762.0
   49429.           21746.0
   49439.           21727.0
   49449.           21717.0
   49459.           21706.0
   49469.           21705.0
   49479.           21705.0
   49489.           21715.0
   49499.           21718.0
   49509.           21729.0
   49519.           21732.0
   49529.           21755.0
   49539.           21785.0
   49549.           21816.0
   49559.           21846.0
   49569.           21873.0
   49579.           21899.0
   49589.           21916.0
   49599.           21928.0
   49609.           21926.0
   49619.           21932.0
   49629.           21933.0
   49639.           21931.0
   49649.           21934.0
   49659.           21932.0
   49669.           21934.0
   49679.           21933.0
   49689.           21932.0
   49699.           21934.0
   49709.           21931.0
   49719.           21942.0
   49729.           21954.0
   49739.           21963.0
   49749.           21987.0
   49759.           22023.0
