    MJD      TT(BIPM92)-UTC(NIST)(ns)
 ---------   ------------------------
   44979.           11173.0
   44989.           11186.0
   44999.           11099.0
   45009.           11089.0
   45019.           10928.0
   45029.           10840.0
   45039.           10782.0
   45049.           10728.0
   45059.           10725.0
   45069.           10706.0
   45079.           10599.0
   45089.           10600.0
   45099.           10534.0
   45109.           10508.0
   45119.           10485.0
   45129.           10515.0
   45139.           10546.0
   45149.           10617.0
   45159.           10678.0
   45169.           10689.0
   45179.           10717.0
   45189.           10788.0
   45199.           10823.0
   45209.           10953.0
   45219.           10963.0
   45229.           11076.0
   45239.           11105.0
   45249.           11172.0
   45259.           11180.0
   45269.           11229.0
   45279.           11308.0
   45289.           11311.0
   45299.           11342.0
   45309.           11272.0
   45319.           11288.0
   45329.           11203.0
   45339.           11114.0
   45349.           10943.0
   45359.           10897.0
   45369.           10815.0
   45379.           10598.0
   45389.           10538.0
   45399.           10534.0
   45409.           10440.0
   45419.           10331.0
   45429.           10228.0
   45439.           10102.0
   45449.           10043.0
   45459.           10043.0
   45469.           10027.0
   45479.           10010.0
   45489.            9923.0
   45499.            9847.0
   45509.            9823.0
   45519.            9728.0
   45529.            9691.0
   45539.            9702.0
   45549.            9662.0
   45559.            9644.0
   45569.            9621.0
   45579.            9592.0
   45589.            9549.0
   45599.            9540.0
   45609.            9509.0
   45619.            9505.0
   45629.            9489.0
   45639.            9430.0
   45649.            9393.0
   45659.            9320.0
   45669.            9297.0
   45679.            9166.0
   45689.            9148.0
   45699.            9062.0
   45709.            8896.0
   45719.            8813.0
   45729.            8633.0
   45739.            8502.0
   45749.            8309.0
   45759.            8177.0
   45769.            8078.0
   45779.            7950.0
   45789.            7834.0
   45799.            7697.0
   45809.            7608.0
   45819.            7497.0
   45829.            7400.0
   45839.            7299.0
   45849.            7232.0
   45859.            7149.0
   45869.            7113.0
   45879.            7081.0
   45889.            7049.0
   45899.            7001.0
   45909.            6962.0
   45919.            6907.0
   45929.            6828.0
   45939.            6780.0
   45949.            6734.0
   45959.            6689.0
   45969.            6657.0
   45979.            4326.0
   45989.            4352.0
   45999.            4361.0
   46009.            4348.0
   46019.            4320.0
   46029.            4351.0
   46039.            4325.0
   46049.            4303.0
   46059.            4302.0
   46069.            4304.0
   46079.            4344.0
   46089.            4392.0
   46099.            4388.0
   46109.            4406.0
   46119.            4449.0
   46129.            4514.0
   46139.            4565.0
   46149.            4624.0
   46159.            4698.0
   46169.            4713.0
   46179.            4798.0
   46189.            4892.0
   46199.            4974.0
   46209.            5069.0
   46219.            5120.0
   46229.            5196.0
   46239.            5287.0
   46249.            5381.0
   46259.            5459.0
   46269.            5548.0
   46279.            5628.0
   46289.            5703.0
   46299.            5771.0
   46309.            5823.0
   46319.            5883.0
   46329.            5967.0
   46339.            6068.0
   46349.            6083.0
   46359.            6130.0
   46369.            6183.0
   46379.            6221.0
   46389.            6237.0
   46399.            6255.0
   46409.            6262.0
   46419.            6276.0
   46429.            6277.0
   46439.            6253.0
   46449.            6220.0
   46459.            6203.0
   46469.            6176.0
   46479.            6117.0
   46489.            6054.0
   46499.            6021.0
   46509.            5987.0
   46519.            5947.0
   46529.            5911.0
   46539.            5846.0
   46549.            5793.0
   46559.            5756.0
   46569.            5695.0
   46579.            5656.0
   46589.            5641.0
   46599.            5610.0
   46609.            5621.0
   46619.            5630.0
   46629.            5646.0
   46639.            5661.0
   46649.            5682.0
   46659.            5743.0
   46669.            5797.0
   46679.            5828.0
   46689.            5864.0
   46699.            5914.0
   46709.            5948.0
   46719.            5992.0
   46729.            6033.0
   46739.            6073.0
   46749.            6092.0
   46759.            6124.0
   46769.            6127.0
   46779.            6130.0
   46789.            6126.0
   46799.            6132.0
   46809.            6060.0
   46819.            6047.0
   46829.            6056.0
   46839.            6041.0
   46849.            6023.0
   46859.            6011.0
   46869.            6027.0
   46879.            6037.0
   46889.            6053.0
   46899.            6062.0
   46909.            6076.0
   46919.            6109.0
   46929.            6141.0
   46939.            6196.0
   46949.            6233.0
   46959.            6289.0
   46969.            6327.0
   46979.            6390.0
   46989.            6439.0
   46999.            6496.0
   47009.            6554.0
   47019.            6598.0
   47029.            6631.0
   47039.            6670.0
   47049.            6687.0
   47059.            6727.0
   47069.            6730.0
   47079.            6737.0
   47089.            6722.0
   47099.            6697.0
   47109.            6681.0
   47119.            6633.0
   47129.            6585.0
   47139.            6532.0
   47149.            6468.0
   47159.            6397.0
   47169.            6355.0
   47179.            6271.0
   47189.            6212.0
   47199.            6134.0
   47209.            6064.0
   47219.            5988.0
   47229.            5927.0
   47239.            5876.0
   47249.            5808.0
   47259.            5749.0
   47269.            5707.0
   47279.            5665.0
   47289.            5659.0
   47299.            5654.0
   47309.            5653.0
   47319.            5657.0
   47329.            5683.0
   47339.            5697.0
   47349.            5724.0
   47359.            5797.0
   47369.            5887.0
   47379.            5959.0
   47389.            6050.0
   47399.            6140.0
   47409.            6230.0
   47419.            6332.0
   47429.            6438.0
   47439.            6532.0
   47449.            6612.0
   47459.            6701.0
   47469.            6782.0
   47479.            6843.0
   47489.            6892.0
   47499.            6920.0
   47509.            6926.0
   47519.            6941.0
   47529.            6940.0
   47539.            6928.0
   47549.            6921.0
   47559.            6900.0
   47569.            6853.0
   47579.            6807.0
   47589.            6788.0
   47599.            6766.0
   47609.            6751.0
   47619.            6734.0
   47629.            6730.0
   47639.            6690.0
   47649.            6666.0
   47659.            6675.0
   47669.            6686.0
   47679.            6701.0
   47689.            6740.0
   47699.            6775.0
   47709.            6827.0
   47719.            6883.0
   47729.            6927.0
   47739.            6960.0
   47749.            7033.0
   47759.            7107.0
   47769.            7192.0
   47779.            7272.0
   47789.            7340.0
   47799.            7401.0
   47809.            7491.0
   47819.            7559.0
   47829.            7614.0
   47839.            7673.0
   47849.            7756.0
   47859.            7806.0
   47869.            7879.0
   47879.            7959.0
   47889.            8011.0
   47899.            8057.0
   47909.            8120.0
   47919.            8189.0
   47929.            8240.0
   47939.            8265.0
   47949.            8306.0
   47959.            8352.0
   47969.            8405.0
   47979.            8443.0
   47989.            8472.0
   47999.            8522.0
   48009.            8547.0
   48019.            8554.0
   48029.            8560.0
   48039.            8549.0
   48049.            8539.0
   48059.            8528.0
   48069.            8488.0
   48079.            8453.0
   48089.            8405.0
   48099.            8349.0
   48109.            8288.0
   48119.            8227.0
   48129.            8164.0
   48139.            8113.0
   48149.            8058.0
   48159.            8019.0
   48169.            7988.0
   48179.            7973.0
   48189.            7961.0
   48199.            7927.0
   48209.            7897.0
   48219.            7857.0
   48229.            7843.0
   48239.            7817.0
   48249.            7804.0
   48259.            7781.0
   48269.            7764.0
   48279.            7747.0
   48289.            7725.0
   48299.            7726.0
   48309.            7725.0
   48319.            7729.0
   48329.            7714.0
   48339.            7709.0
   48349.            7693.0
   48359.            7675.0
   48369.            7654.0
   48379.            7650.0
   48389.            7650.0
   48399.            7636.0
   48409.            7616.0
   48419.            7613.0
   48429.            7616.0
   48439.            7615.0
   48449.            7634.0
   48459.            7650.0
   48469.            7649.0
   48479.            7679.0
   48489.            7687.0
   48499.            7710.0
   48509.            7727.0
   48519.            7756.0
   48529.            7783.0
   48539.            7807.0
   48549.            7835.0
   48559.            7839.0
   48569.            7890.0
   48579.            7933.0
   48589.            7951.0
   48599.            7993.0
   48609.            8043.0
   48619.            8095.0
   48629.            8155.0
   48639.            8206.0
   48649.            8276.0
   48659.            8336.0
   48669.            8405.0
   48679.            8485.0
   48689.            8574.0
   48699.            8644.0
   48709.            8685.0
   48719.            8766.0
   48729.            8818.0
   48739.            8882.0
   48749.            8919.0
   48759.            8888.0
   48769.            8858.0
   48779.            8829.0
   48789.            8832.0
   48799.            8896.0
   48809.            8933.0
   48819.            8980.0
   48829.            9018.0
   48839.            9017.0
   48849.            8986.0
   48859.            8965.0
   48869.            8951.0
   48879.            8938.0
   48889.            8924.0
   48899.            8910.0
   48909.            8905.0
   48919.            8901.0
   48929.            8895.0
   48939.            8900.0
   48949.            8914.0
   48959.            8928.0
   48969.            8941.0
   48979.            8964.0
